pathway	WF_10_Abundance	WF_11_Abundance	WF_12_Abundance	WF_13_Abundance	WF_14_Abundance	WF_15_Abundance	WF_16_Abundance	WF_17_Abundance	WF_18_Abundance	WF_19_Abundance	WF_201_Abundance	WF_202_Abundance	WF_203_Abundance	WF_204_Abundance	WF_20_Abundance	WF_22_Abundance	WF_23_Abundance	WF_24_Abundance	WF_25_Abundance	WF_26_Abundance	WF_27_Abundance	WF_28_Abundance	WF_29_Abundance	WF_2_Abundance	WF_30_Abundance	WF_31_Abundance	WF_32_Abundance	WF_33_Abundance	WF_34_Abundance	WF_35_Abundance	WF_36_Abundance	WF_37_Abundance	WF_38_Abundance	WF_39_Abundance	WF_3_Abundance	WF_40_Abundance	WF_41_Abundance	WF_42_Abundance	WF_43_Abundance	WF_44_Abundance	WF_46_Abundance	WF_48_Abundance	WF_49_Abundance	WF_4_Abundance	WF_50_Abundance	WF_51_Abundance	WF_52_Abundance	WF_53_Abundance	WF_54_Abundance	WF_55_Abundance	WF_56_Abundance	WF_57_Abundance	WF_58_Abundance	WF_59_Abundance	WF_5_Abundance	WF_60_Abundance	WF_62_Abundance	WF_63_Abundance	WF_64_Abundance	WF_65_Abundance	WF_66_Abundance	WF_67_Abundance	WF_68_Abundance	WF_69_Abundance	WF_6_Abundance	WF_70_Abundance	WF_71_Abundance	WF_72_Abundance	WF_73_Abundance	WF_74_Abundance	WF_75_Abundance	WF_76_Abundance	WF_77_Abundance	WF_78_Abundance	WF_79_Abundance	WF_80_Abundance	WF_81_Abundance	WF_82_Abundance	WF_83_Abundance	WF_84_Abundance	WF_85_Abundance	WF_86_Abundance	WF_87_Abundance	WF_88_Abundance	WF_8_Abundance	WF_9_Abundance
P161-PWYa	38.1193	0	37.7788	0	15.1649	0	0	0	0	0	0	0	0	0	29.5226	0	0	0	0	0	30.0623	0	0	33.2271	0	0	0	0	0	0	0	0	0	0	0	0	8.07729	0	0	0	0	0	0	0	0	0	0	0	0	0	0	0	0	0	0	0	0	0	0	0	0	0	17.014	0	0	0	0	0	0	0	0	0	0	0	0	0	0	0	0	0	0	0	0	0	0	0
P161-PWYb	0	0	0	0	0	0	0	0	0	0	0	0	0	0	0	0	0	0	0	0	0	0	0	0	0	0	0	0	0	0	0	0	0	0	0	0	0	0	0	0	0	0	0	0	0	0	0	0	0	0	0	0	0	0	0	0	0	0	0	0	0	0	0	0	0	0	0	0	0	0	0	0	0	0	0	0	0	0	0	0	0	0	0	0	0	0
P161-PWYc	19.6488	0	19.4411	0	0	0	0	0	0	0	0	0	0	0	0	0	0	0	0	0	20.1753	0	0	25.6805	0	0	0	0	0	0	0	0	0	0	0	0	0	0	0	0	0	0	0	0	0	0	0	0	0	0	0	0	0	0	0	0	0	0	0	0	0	0	16.1165	0	0	0	0	0	0	0	0	0	0	0	0	0	0	0	0	0	0	0	0	0	0	0
P124-PWYa	0	234.03	0	211.99	0	225.751	108.859	84.4958	82.5296	62.1791	430.828	149.977	247.188	212.359	61.8527	129.687	266.796	122.329	17.5419	68.7257	0	93.648	158.312	0	134.016	57.8479	54.6373	152.219	580.18	99.7697	491.826	63.5941	420.337	51.8554	68.6712	414.952	43.2679	0	53.979	0	0	40.7547	0	304.34	0	25.3958	0	24.5698	0	21.7271	0	47.7486	172.4	108.59	53.9072	321.456	0	0	0	0	0	0	101.463	44.7657	330.568	0	0	0	0	0	0	0	60.6015	0	0	0	0	71.3306	0	0	0	0	68.0383	89.7981	60.1225	0
P124-PWYb	0	22.3945	0	18.9228	0	17.2162	8.99497	0	0	0	99.6782	0	0	0	0	0	18.7079	0	0	0	0	0	18.336	0	0	0	0	19.7475	51.96	0	68.7316	0	31.8073	0	0	19.5098	6.2483	0	12.5305	0	0	0	0	14.6181	0	6.09991	0	0	0	0	0	16.7551	0	0	0	0	0	0	0	0	0	0	0	21.0738	16.0659	0	0	0	0	0	0	0	0	0	0	0	0	0	0	0	0	0	0	0	0	0
P124-PWYc	0	0	0	0	0	0	18.2532	0	20.685	0	141.128	42.842	42.2881	30.2354	0	0	11.1958	0	0	0	0	0	0	0	0	0	0	0	57.17	0	49.8787	0	26.8461	0	9.29622	17.9573	0	0	0	0	0	0	0	43.361	0	0	0	0	0	0	0	0	46.1862	0	0	34.282	0	0	0	0	0	0	0	0	43.5712	0	0	0	0	0	0	0	0	0	0	0	0	0	0	0	0	0	32.8844	0	0	0
P124-PWYd	0	0	0	0	0	0	0	0	0	0	0	0	0	0	0	0	0	0	0	0	0	0	0	0	0	0	0	0	0	0	0	0	9.93344	0	0	0	0	0	0	0	0	0	0	0	0	0	0	0	0	0	0	0	0	0	0	0	0	0	0	0	0	0	0	0	0	0	0	0	0	0	0	0	0	0	0	0	0	0	0	0	0	0	0	0	0	0
P124-PWYe	0	0	0	0	0	0	0	0	0	0	46.3607	0	56.8637	0	0	0	0	0	0	0	0	0	0	0	24.5049	0	24.9212	0	24.9547	0	20.8975	0	29.0179	0	0	0	0	0	0	0	0	0	0	0	0	0	0	0	0	0	0	0	0	0	0	0	0	0	0	0	0	0	43.1854	0	0	0	0	0	0	0	0	0	45.3487	0	0	0	0	47.8658	0	0	0	0	0	0	0	0
P461-PWYa	40.4574	27.1962	119.426	0	158.021	35.3124	66.3825	0	92.1659	0	0	74.4975	39.2813	53.6985	51.0909	105.545	84.7813	96.2172	86.8152	0	0	89.5571	108.277	46.6528	59.2185	0	71.8518	0	0	82.2488	16.8832	0	56.7268	75.6303	74.6337	102.689	217.091	67.2084	69.3266	86.3878	49.354	163.419	0	166.923	116.797	52.6786	98.9351	64.0451	59.1683	53.1355	45.8773	98.4786	52.8528	38.115	42.7271	193.256	79.8548	67.4574	0	104.177	0	0	88.2117	0	96.4755	46.1913	0	50.4407	183.287	101.192	0	0	175.152	52.8549	0	93.5852	297.157	185.947	0	99.1486	0	0	112.488	198.1	54.6263	0
P461-PWYb	22.2745	0	71.3734	0	72.9903	12.6009	28.6801	0	43.0172	0	0	0	33.8103	0	24.3539	0	41.9869	68.0854	46.7126	0	0	35.1458	53.413	13.1691	31.3953	0	37.945	0	0	46.4766	0	0	18.562	47.8448	37.1929	52.136	101.035	33.1678	36.744	53.6832	29.4584	75.1916	0	50.0446	80.6323	26.0537	69.9042	41.7586	30.2819	30.0256	23.1307	54.1913	0	0	0	125.229	0	46.5146	0	56.2129	0	0	0	0	44.7692	0	0	23.8803	95.2449	58.5812	0	0	67.3535	0	0	34.2464	192.077	107.688	0	0	0	0	66.4583	117.022	0	0
P461-PWYc	0	0	0	0	0	0	0	0	0	0	0	0	0	0	0	0	0	0	0	0	0	0	0	0	0	0	0	0	0	0	0	0	0	0	0	0	0	0	0	0	0	0	0	0	0	0	0	0	0	0	0	0	0	0	0	0	0	0	0	0	0	0	12.4859	0	0	0	0	0	0	0	0	0	0	0	0	0	0	0	0	0	0	0	0	0	0	0
P461-PWYd	0	0	0	0	0	0	0	0	0	0	0	0	0	0	0	0	0	0	0	0	0	0	0	0	0	0	0	0	0	0	0	0	0	0	0	0	0	0	0	0	0	0	0	0	0	0	0	0	0	0	0	0	0	0	0	0	0	0	0	0	0	0	0	0	0	0	0	0	0	0	0	0	0	0	0	0	0	0	0	0	0	0	0	0	0	0
P461-PWYe	0	0	0	0	0	0	0	0	0	0	0	0	0	0	0	0	0	0	0	0	0	0	29.5477	6.23398	0	0	0	0	0	0	0	0	0	0	0	0	0	0	0	0	0	0	0	0	0	0	0	0	0	0	0	0	0	0	0	0	57.8174	0	0	0	0	0	63.4323	0	0	0	0	0	0	0	0	0	0	0	0	0	0	0	0	0	0	0	0	0	0	0
PWY-5022a	0	0	0	0	0	0	0	0	0	0	0	0	0	0	0	0	12.6263	0	32.7792	0	0	0	0	0	0	0	0	0	0	0	7.15234	0	0	0	0	0	0	0	33.0841	0	0	0	0	0	0	0	0	16.2973	0	23.6778	0	10.6891	0	0	0	0	0	0	0	0	0	0	18.765	0	0	0	0	0	0	0	0	0	0	0	0	0	0	0	0	0	0	0	0	0	0	0
PWY-5022b	0	0	0	0	0	0	0	0	0	0	0	0	0	0	0	0	0	0	0	0	0	0	0	0	0	0	0	0	0	0	0	0	0	0	0	0	0	0	0	0	0	0	0	0	0	0	0	0	0	0	0	0	0	0	0	0	0	0	0	0	0	0	0	0	0	0	0	0	0	0	0	0	0	0	0	0	0	0	0	0	0	0	0	0	0	0
PWY-5676a	70.6312	22.9123	154.446	30.1567	173.584	24.2687	78.7026	52.4137	128.954	0	0	106.181	88.7387	47.8899	54.2189	0	101.055	99.5632	75.9487	41.2987	0	77.5945	70.416	52.0135	99.946	0	94.0392	0	43.2658	118.8	43.0885	0	68.6302	87.4	88.0312	121.584	164.926	33.0688	117.034	36.6226	56.2716	111.522	62.4214	146.993	107.506	64.0591	41.8427	92.1005	47.7626	45.7074	0	141.997	99.793	31.3687	19.139	190.646	75.3334	143.425	79.6453	109.178	0	0	33.763	0	85.0998	43.3343	88.412	25.7898	140.877	166.739	79.6001	42.3471	151.375	53.6919	0	39.2129	206.429	155.311	0	0	0	0	138.818	177.835	23.2536	0
PWY-5676b	20.8398	0	63.4611	0	63.5964	0	10.0682	0	41.1029	0	0	0	31.2199	0	0	0	27.004	49.7514	37.6381	0	0	29.3416	35.5231	12.8598	27.0618	0	31.3768	0	0	0	0	0	16.4056	46.4051	0	40.8007	87.0704	20.7413	44.7939	0	23.5424	57.8006	0	53.0322	59.5494	21.5281	29.8958	32.9789	0	20.1151	0	46.3014	0	0	0	99.4637	0	72.5835	0	0	0	0	0	0	34.7392	0	0	0	51.5791	0	0	0	0	0	0	0	130.682	93.9458	0	0	0	0	0	84.3281	0	0
PWY-5676c	8.95355	0	0	0	0	0	0	0	0	0	0	0	0	0	0	0	0	0	0	0	0	0	0	11.3314	0	0	12.1529	0	0	0	0	0	0	0	0	0	0	0	0	0	0	0	0	0	0	0	0	0	0	5.48681	0	11.6605	0	0	0	0	0	0	0	0	0	0	0	0	0	0	0	0	0	0	0	0	0	0	0	0	0	0	0	0	0	0	0	0	0	0
CENTFERM-PWYa	90.7471	0	52.2458	0	0	0	39.9501	0	27.9135	0	0	0	0	0	0	0	60.3727	35.4312	43.1697	0	0	0	24.1469	68.4959	17.4331	0	22.0043	0	12.1021	0	0	0	0	0	0	21.6272	31.1206	0	44.5352	0	0	0	0	0	47.4597	36.8789	0	27.8445	32.0225	35.7259	42.4933	24.6955	0	0	0	0	0	0	0	0	0	0	11.3132	0	0	0	0	0	0	0	0	0	0	0	0	0	0	0	0	0	0	0	41.8494	0	0	0
CENTFERM-PWYb	0	0	0	0	0	0	0	0	0	0	0	0	0	0	0	0	0	0	0	0	0	0	0	0	0	0	0	0	0	0	0	0	0	0	0	0	0	0	0	0	0	0	0	0	0	0	0	7.96311	0	7.7917	0	0	0	0	0	0	0	0	0	0	0	0	0	0	0	0	0	0	0	0	0	0	0	0	0	0	0	0	0	0	0	0	0	0	0	0
P122-PWYa	0	0	0	0	0	0	0	0	0	0	0	0	0	0	0	0	0	0	0	0	0	0	0	0	0	0	0	0	0	0	0	0	0	0	0	0	0	0	0	0	0	0	0	0	0	0	0	0	0	0	0	0	0	0	0	0	0	0	0	0	0	0	11.0102	0	0	0	0	0	0	0	0	0	0	0	0	0	0	0	0	0	0	0	0	0	0	0
ANAEROFRUCAT-PWYa	154.162	415.263	81.4647	405.463	0	391.926	384.625	200.452	260.757	272.503	426.2	430.141	356.086	354.143	205.115	340.506	412.01	261.196	291.693	184.712	76.7941	259.301	288.657	249.774	325.677	207.416	218.915	300.894	501.673	335.354	458.887	296.621	535.534	281.067	221.631	515.304	321.253	0	327.218	0	225.542	283.291	104.837	488.262	337.447	260.202	0	312.138	0	232.543	0	271.56	294.022	166.013	195.842	474.827	251.179	154.812	130.12	105.131	244.929	253.877	298.921	339.185	512.437	213.835	99.9225	216.566	176.226	163.541	107.743	0	222.869	0	252.656	0	154.22	179.47	243.417	185.203	237.77	294.31	264.895	142.049	211.464	205.791
ANAEROFRUCAT-PWYb	0	0	0	0	0	0	0	0	0	0	0	0	0	0	0	0	0	0	0	0	0	0	0	0	0	0	0	0	0	0	0	0	0	0	0	0	0	0	0	0	0	0	0	0	0	0	0	0	0	0	0	0	0	0	0	0	0	0	0	0	0	0	0	0	0	0	0	0	0	0	0	0	0	0	0	0	0	0	0	0	0	0	0	0	0	0
ANAEROFRUCAT-PWYc	0	64.9782	0	62.4464	0	55.115	0	0	28.9951	0	63.0884	50.4597	71.3488	0	0	0	28.4732	0	71.3117	0	47.3774	53.3326	0	55.217	78.5049	0	56.4947	0	74.9509	0	73.7367	0	113.093	0	0	55.5234	47.3431	0	0	0	0	51.9855	46.5079	0	0	0	0	0	0	32.1001	0	29.724	0	0	0	0	53.8477	0	0	0	0	54.276	90.6485	0	0	0	0	0	0	0	70.7093	0	0	0	74.9132	0	0	0	0	0	0	0	0	0	0	0
PWY-7013a	77.7663	0	91.751	29.3428	107.129	62.1578	82.5319	33.7513	77.4211	24.9649	0	129.828	0	0	0	0	16.652	54.5387	49.209	0	0	35.4979	0	56.1332	55.707	0	76.3997	0	61.2742	0	39.1143	83.785	0	47.7396	33.7577	35.5045	77.489	88.5279	17.2001	74.1856	21.9668	55.5862	28.5833	70.9759	39.4142	35.4026	62.1335	57.7737	36.3174	18.2383	43.3775	35.1703	0	112.081	33.4631	88.8368	0	50.8164	42.5471	0	0	0	0	0	91.5398	0	0	26.4407	77.4833	85.4519	44.5083	42.3029	79.4189	0	143.813	47.5542	0	0	38.051	55.5677	0	0	41.9356	44.2914	0	0
PWY-7013b	14.9955	0	21.0252	3.38931	19.7757	10.7825	8.68706	0	7.50401	0	0	9.87225	0	0	0	0	0	0	6.0155	0	0	6.98013	0	5.76592	6.41337	0	3.35327	0	4.16452	0	1.22581	3.85124	0	0	4.13017	4.43899	4.36749	0	1.71299	0	4.16551	0	16.3054	1.43327	1.8473	1.71065	11.6321	1.9046	0	0.927735	0	1.59261	0	14.4923	1.73729	8.68787	0	0	0	0	0	0	0	0	5.37887	0	0	4.81763	0	5.23928	0	0	2.43584	0	13.8148	12.708	0	0	0	7.52344	0	0	0	0	0	0
PWY-7013c	11.7612	0	12.9714	15.7483	14.2698	11.1257	25.0826	0	24.5127	12.7009	0	38.7798	0	0	0	0	0	0	18.9243	0	0	12.3172	0	10.624	18.7313	0	20.4453	0	15.977	0	12.1817	21.5196	0	24.6645	18.2196	2.13635	18.7705	0	6.43758	0	8.4157	0	5.68734	24.6189	11.5872	9.34394	20.4892	17.6249	0	5.53731	0	9.01995	0	35.2448	11.9576	21.6143	0	0	0	0	0	0	0	0	28.7859	0	0	9.59299	0	31.5662	6.93816	0	33.3801	0	53.0696	17.8503	0	0	23.5005	19.024	0	0	0	0	0	0
PWY-7013d	0	0	0	0	0	0	0	0	0	0	0	0	0	0	0	0	0	0	0	0	0	0	0	0	0	0	0	0	0	0	0	0	0	0	0	0	0	0	0	0	0	0	0	0	0	0	0	0	0	0	0	0	0	0	0	0	0	0	0	0	0	0	0	0	0	0	0	0	0	0	0	0	0	0	0	0	0	0	0	0	0	0	0	0	0	0
PWY-7013e	15.8026	0	15.1632	0	18.7405	0	0	0	0	0	0	0	0	0	0	0	0	0	0	0	0	0	0	15.6244	0	0	0	0	0	0	0	0	0	0	0	0	0	0	0	0	0	0	0	0	0	0	0	0	0	0	0	0	0	0	0	0	0	0	0	0	0	0	0	0	0	0	0	0	0	0	0	0	0	0	0	0	0	0	0	0	0	0	0	0	0	0